Data source 1: java.util.Random

alpha	     linear    double
-----------------------------
0.5          1.501     1.389
0.6	     1.745     1.527
0.7	     2.178     1.717 
0.8	     2.932     2.009
0.9	     5.573     2.548
0.95	    11.515     3.161
0.98	    21.585     3.993
0.99	    48.779     4.649


Data source 2: System.currentTimeMillis()

alpha        linear    double
-----------------------------
0.5          1.0       1.0
0.6          1.0       1.0
0.7          1.0       1.0
0.8          1.0       1.0
0.9          1.0       1.0
0.95         1.0       1.0
0.98         1.0       1.0
0.99         1.0       1.0 


Data source 3: word-list

alpha        linear    double
-----------------------------
0.5          1.597     1.390
0.6	     2.149     1.534
0.7	     3.604     1.721
0.8	     6.708     2.016
0.9	    19.815     2.569 
0.95	   110.594     3.186 
0.98	   324.206     4.020
0.99	   471.671     4.696

